EP, 14, 2026090718,   , BEST,   0, 126N, 1087W,  15,    0, DB,   0,    ,    0,    0,    0,    0, 1010,  220, 150,   0,   0,   E,   0,    ,   0,   0, GENESIS022,  ,  0,    ,    0,    0,    0,    0, genesis-num, 022, 
EP, 14, 2026090800,   , BEST,   0, 130N, 1093W,  15,    0, DB,   0,    ,    0,    0,    0,    0, 1010,  220, 150,   0,   0,   E,   0,    ,   0,   0, GENESIS022,  ,  0,    ,    0,    0,    0,    0, genesis-num, 022, 
EP, 14, 2026090806,   , BEST,   0, 133N, 1099W,  15,    0, DB,   0,    ,    0,    0,    0,    0, 1010,  210, 150,   0,   0,   E,   0,    ,   0,   0, GENESIS022,  ,  0,    ,    0,    0,    0,    0, genesis-num, 022, 
EP, 14, 2026090812,   , BEST,   0, 140N, 1105W,  20, 1008, DB,   0,    ,    0,    0,    0,    0, 1009,  200, 150,   0,   0,   E,   0,    ,   0,   0, GENESIS022,  ,  0,    ,    0,    0,    0,    0, genesis-num, 022, 
EP, 14, 2026090818,   , BEST,   0, 145N, 1114W,  25, 1007, DB,   0,    ,    0,    0,    0,    0, 1008,  220, 150,   0,   0,   E,   0,    ,   0,   0,     INVEST, S,  0,    ,    0,    0,    0,    0, genesis-num, 022, SPAWNINVEST, ep742026 to ep962026, 
EP, 14, 2026090900,   , BEST,   0, 149N, 1122W,  25, 1007, DB,   0,    ,    0,    0,    0,    0, 1008,  200, 150,   0,   0,   E,   0,    ,   0,   0,     INVEST, S,  0,    ,    0,    0,    0,    0, genesis-num, 022, 
EP, 14, 2026090906,   , BEST,   0, 152N, 1130W,  25, 1007, DB,   0,    ,    0,    0,    0,    0, 1008,  200, 150,   0,   0,   E,   0,    ,   0,   0,     INVEST, S,  0,    ,    0,    0,    0,    0, genesis-num, 022, 
EP, 14, 2026090912,   , BEST,   0, 154N, 1139W,  25, 1007, DB,   0,    ,    0,    0,    0,    0, 1008,  200, 150,  35,   0,   E,   0,    ,   0,   0,     INVEST, S,  0,    ,    0,    0,    0,    0, genesis-num, 022, 
EP, 14, 2026090918,   , BEST,   0, 158N, 1150W,  30, 1006, TD,   0,    ,    0,    0,    0,    0, 1008,  200,  70,  40,   0,   E,   0,    ,   0,   0,   FOURTEEN, S,  0,    ,    0,    0,    0,    0, genesis-num, 022, TRANSITIONED, epC62026 to ep142026, 
EP, 14, 2026091000,   , BEST,   0, 163N, 1161W,  30, 1006, TD,  34, NEQ,    0,    0,    0,    0, 1008,  200,  70,  40,   0,   E,   0,    ,   0,   0,   FOURTEEN, S,  0,    ,    0,    0,    0,    0, genesis-num, 022, 
